6.451612903225806
5.645161290322581
7.258064516129032
8.064516129032258
29.838709677419356
49.193548387096776
38.70967741935484
34.67741935483871
29.838709677419356
49.193548387096776
38.70967741935484
34.67741935483871
29.838709677419356
49.193548387096776
38.70967741935484
34.67741935483871
29.838709677419356
49.193548387096776
38.70967741935484
34.67741935483871
29.838709677419356
49.193548387096776
38.70967741935484
34.67741935483871
29.838709677419356
49.193548387096776
38.70967741935484
34.67741935483871
29.838709677419356
49.193548387096776
38.70967741935484
34.67741935483871
29.838709677419356
49.193548387096776
38.70967741935484
34.67741935483871
29.838709677419356
49.193548387096776
38.70967741935484
34.67741935483871
