0.0
2.4193548387096775
4.838709677419355
8.064516129032258
10.483870967741936
16.129032258064516
24.193548387096776
25.0
48.38709677419355
52.41935483870968
45.16129032258065
37.903225806451616
30.64516129032258
28.225806451612904
25.806451612903224
28.225806451612904
29.838709677419356
49.193548387096776
37.903225806451616
32.25806451612903
28.225806451612904
21.774193548387096
25.0
26.612903225806452
29.838709677419356
49.193548387096776
37.903225806451616
16.93548387096774
20.161290322580644
17.741935483870968
17.741935483870968
16.93548387096774
25.0
29.032258064516128
27.419354838709676
29.838709677419356
49.193548387096776
37.903225806451616
32.25806451612903
28.225806451612904
21.774193548387096
25.0
26.612903225806452
29.838709677419356
49.193548387096776
2.4193548387096775
1.6129032258064515
4.032258064516129
3.225806451612903
4.032258064516129
6.451612903225806
9.67741935483871
11.290322580645162
29.838709677419356
49.193548387096776
37.903225806451616
32.25806451612903
28.225806451612904
21.774193548387096
25.0
26.612903225806452
29.838709677419356
49.193548387096776
37.903225806451616
32.25806451612903
13.709677419354838
13.709677419354838
8.870967741935484
14.516129032258064
0.0
2.4193548387096775
7.258064516129032
10.483870967741936
9.67741935483871
12.096774193548388
14.516129032258064
18.548387096774192
29.838709677419356
49.193548387096776
37.903225806451616
32.25806451612903
28.225806451612904
21.774193548387096
25.0
26.612903225806452
29.838709677419356
49.193548387096776
69.35483870967742
67.74193548387096
52.41935483870968
37.903225806451616
34.67741935483871
29.032258064516128
28.225806451612904
27.419354838709676
29.838709677419356
49.193548387096776
37.903225806451616
32.25806451612903
28.225806451612904
21.774193548387096
25.0
26.612903225806452
29.838709677419356
49.193548387096776
