4.545454545454546
18.181818181818183
13.636363636363637
4.545454545454546
9.090909090909092
4.545454545454546
18.181818181818183
31.818181818181817
22.727272727272727
18.181818181818183
27.272727272727273
31.818181818181817
31.818181818181817
27.272727272727273
0.0
31.818181818181817
27.272727272727273
31.818181818181817
22.727272727272727
22.727272727272727
27.272727272727273
18.181818181818183
22.727272727272727
4.545454545454546
0.0
22.727272727272727
27.272727272727273
27.272727272727273
22.727272727272727
27.272727272727273
40.90909090909091
27.272727272727273
27.272727272727273
22.727272727272727
22.727272727272727
9.090909090909092
18.181818181818183
18.181818181818183
13.636363636363637
18.181818181818183
13.636363636363637
13.636363636363637
9.090909090909092
4.545454545454546
27.272727272727273
31.818181818181817
22.727272727272727
22.727272727272727
22.727272727272727
